Enter 
1: Debug dnfToCNF
ANY OTHER NUMBER: PCE
*** PCE Implemented in Haskell ***
Enter the variables of interest (list of integers)
Enter E_ref (Each clause is space seperated literals) and the clauses are seperated by ','
1999000000
[[12,3,7,13,-19],[6,12,3,13,-19],[6,12,7,13,-19],[2,6,12,13,-19],[2,12,7,13,-19],[2,12,13,-11,-19],[2,6,7,-11],[6,12,13,-11,-19],[6,3,7,-11],[12,7,13,-11,-19],[12,3,13,-11,-19],[6,7,-5,-11],[12,13,-5,-11,-19],[2,3,-5],[6,12,13,-5,-19],[12,7,13,-5,-19],[12,7,-13,-5,19],[6,12,-13,-5,19],[12,-13,-5,-11,19],[12,3,-13,-11,19],[12,7,-13,-11,19],[6,12,-13,-11,19],[2,12,-13,-11,19],[6,12,3,-13,19],[2,6,12,-13,19],[12,3,7,-13,19],[2,12,7,-13,19],[6,12,7,-13,19],[6,3,-7,11],[12,-7,-13,11,-19],[6,-7,-5,11],[2,6,-7,11],[12,-7,13,11,19],[2,-3,5],[6,-3,-7,5,-11],[12,-3,-7,13,5,19],[6,-3,7,5,11],[12,-3,-13,5,11,-19],[12,-3,-7,-13,5,-19],[12,-3,13,5,11,19],[2,-6,7,11],[-12,3,7,13,19],[-12,3,7,-13,-19],[-2,-3,-5],[6,-12,7,13,19],[2,-12,7,13,19],[6,-12,7,-13,-19],[2,-12,7,-13,-19],[-6,-12,-13,11,19],[-6,7,-5,11],[-6,-12,-3,-13,5,19],[-6,-3,7,5,-11],[-12,7,-13,-11,-19],[-12,7,-13,-5,-19],[-6,12,-13,11,-19],[-2,12,-3,13,11,19],[-2,12,13,5,11,19],[-2,12,-3,-7,13,19],[-2,12,-7,13,5,19],[-2,12,-3,-13,11,-19],[-2,12,-13,5,11,-19],[-2,12,-7,-13,5,-19],[-2,12,-3,-7,-13,-19],[-6,12,-3,-13,5,-19],[-2,-6,12,-3,-13,-19],[-2,-6,12,-13,5,-19],[-6,-3,-7,5,11],[-2,-6,-7,5,11],[-2,-6,-3,-7,11],[-6,12,-7,-13,-19],[-6,12,13,11,19],[-2,-6,12,-3,13,19],[-6,12,-3,13,5,19],[-2,-6,12,13,5,19],[-6,12,-7,13,19],[-2,6,-3,7,11],[-2,6,7,5,11],[-2,3,5],[-6,3,7,11],[-2,6,-7,5,-11],[-2,6,-3,-7,-11],[6,-12,3,13,19],[6,-12,13,-5,19],[-2,-12,-7,-13,5,19],[-12,-7,-13,11,19],[-12,-3,-7,-13,5,19],[-2,-12,-3,-7,-13,19],[-12,-3,-13,5,11,19],[-2,-12,-3,-13,11,19],[-2,-12,-13,5,11,19],[2,6,-12,13,19],[6,-12,13,-11,19],[-12,3,13,-11,19],[-12,7,13,-11,19],[-12,7,13,-5,19],[2,-12,13,-11,19],[-12,13,-5,-11,19],[-6,-7,-5,-11],[-12,-3,13,5,11,-19],[-6,-12,13,11,-19],[-6,-12,-3,13,5,-19],[2,-6,-7,-11],[-2,-6,7,5,-11],[-2,-6,-3,7,-11],[-6,3,-7,-11],[-6,-12,-7,-13,19],[-2,-6,-12,-13,5,19],[-2,-6,-12,-3,-13,19],[-6,-12,-7,13,-19],[-12,-7,13,11,-19],[6,-12,-13,-5,-19],[2,6,-12,-13,-19],[-12,3,-13,-11,-19],[2,-12,-13,-11,-19],[-12,-13,-5,-11,-19],[-12,-3,-7,13,5,-19],[-2,-12,-3,-7,13,-19],[-2,-12,-7,13,5,-19],[6,-12,3,-13,-19],[6,-12,-13,-11,-19],[-2,-12,13,5,11,-19],[-2,-12,-3,13,11,-19],[-2,-6,-12,-3,13,-19],[-2,-6,-12,13,5,-19]]
[[12,3,7,13,-19],[6,12,3,13,-19],[6,12,7,13,-19],[2,6,12,13,-19],[2,12,7,13,-19],[2,12,13,-11,-19],[2,6,7,-11],[6,12,13,-11,-19],[6,3,7,-11],[12,7,13,-11,-19],[12,3,13,-11,-19],[6,7,-5,-11],[12,13,-5,-11,-19],[2,3,-5],[6,12,13,-5,-19],[12,7,13,-5,-19],[12,7,-13,-5,19],[6,12,-13,-5,19],[12,-13,-5,-11,19],[12,3,-13,-11,19],[12,7,-13,-11,19],[6,12,-13,-11,19],[2,12,-13,-11,19],[6,12,3,-13,19],[2,6,12,-13,19],[12,3,7,-13,19],[2,12,7,-13,19],[6,12,7,-13,19],[6,3,-7,11],[12,-7,-13,11,-19],[6,-7,-5,11],[2,6,-7,11],[12,-7,13,11,19],[2,-3,5],[2,-6,7,11],[-12,3,7,13,19],[-12,3,7,-13,-19],[-2,-3,-5],[6,-12,7,13,19],[2,-12,7,13,19],[6,-12,7,-13,-19],[2,-12,7,-13,-19],[-6,-12,-13,11,19],[-6,7,-5,11],[-12,7,-13,-11,-19],[-12,7,-13,-5,-19],[-6,12,-13,11,-19],[-2,-6,-7,5,11],[-2,-6,-3,-7,11],[-6,12,-7,-13,-19],[-6,12,13,11,19],[-6,12,-7,13,19],[-2,6,-3,7,11],[-2,6,7,5,11],[-2,3,5],[-6,3,7,11],[-2,6,-7,5,-11],[-2,6,-3,-7,-11],[6,-12,3,13,19],[6,-12,13,-5,19],[-12,-7,-13,11,19],[2,6,-12,13,19],[6,-12,13,-11,19],[-12,3,13,-11,19],[-12,7,13,-11,19],[-12,7,13,-5,19],[2,-12,13,-11,19],[-12,13,-5,-11,19],[-6,-7,-5,-11],[-6,-12,13,11,-19],[2,-6,-7,-11],[-2,-6,7,5,-11],[-2,-6,-3,7,-11],[-6,3,-7,-11],[-6,-12,-7,-13,19],[-6,-12,-7,13,-19],[-12,-7,13,11,-19],[6,-12,-13,-5,-19],[2,6,-12,-13,-19],[-12,3,-13,-11,-19],[2,-12,-13,-11,-19],[-12,-13,-5,-11,-19],[6,-12,3,-13,-19],[6,-12,-13,-11,-19]]
432035000000
(124,84)
0
