Enter 
1: Debug dnfToCNF
ANY OTHER NUMBER: PCE
*** PCE Implemented in Haskell ***
Enter the variables of interest (list of integers)
Enter E_ref (Each clause is space seperated literals) and the clauses are seperated by ','
1565000000
[[7,13,-21],[5,13,-21],[3,13,-21],[3,5,7,-21],[2,3,5,-21],[2,3,7,-21],[2,13,-21],[2,5,7,-21],[5,-18,-21],[7,-18,-21],[2,-18,-21],[13,-18,-21],[3,-18,-21],[3,5,7,13,-18],[2,3,5,13,-18],[2,3,7,13,-18],[2,5,7,13,-18],[2,5,13,-9,-18],[2,7,13,-9,-18],[2,3,13,-9,-18],[2,3,5,7,-9],[3,5,13,-9,-18],[3,7,13,-9,-18],[5,7,13,-9,-18],[-9,-18,-21],[2,3,-9,-21],[2,5,-9,-21],[2,7,-9,-21],[13,-9,-21],[5,7,-9,-21],[3,5,-9,-21],[3,7,-9,-21],[-13,18,21],[3,7,-13,-9,18],[3,5,-13,-9,18],[5,7,-13,-9,18],[2,5,-13,-9,18],[2,7,-13,-9,18],[2,3,-13,-9,18],[3,5,7,-13,18],[2,3,5,-13,18],[2,3,7,-13,18],[2,5,7,-13,18],[-7,-13,9,21],[-7,9,18,21],[2,3,5,-7,9],[3,-7,13,9,18],[5,-7,13,9,18],[2,-7,13,9,18],[3,-7,-13,9,-18],[2,-7,-13,9,-18],[5,-7,-13,9,-18],[-5,-7,-13,21],[-5,-7,18,21],[2,3,-5,-7,-9],[-5,9,18,21],[-5,-13,9,21],[2,-5,-7,13,18],[3,-5,-7,13,18],[3,-5,13,9,18],[2,-5,13,9,18],[-5,-7,13,-9,18],[-5,-7,-13,-9,-18],[3,-5,-7,-13,-18],[2,-5,-7,-13,-18],[3,-5,-13,9,-18],[2,-5,-13,9,-18],[-5,7,-13,9,-18],[2,3,-5,7,9],[-5,7,13,9,18],[-3,-13,9,21],[-3,9,18,21],[2,-3,5,7,9],[-3,7,13,9,18],[-3,-5,18,21],[-3,-5,7,13,18],[-3,-5,-13,21],[2,-3,-5,7,-9],[2,-3,-5,-7,9],[-3,-5,-7,-13,9,18],[-3,-5,-7,9,21],[2,-3,-5,13,18],[2,-3,13,9,18],[2,-3,-7,13,18],[-3,-7,18,21],[-3,-7,-13,21],[-3,5,13,9,18],[-3,5,-7,13,18],[-2,-3,5,13,18],[-2,5,13,9,18],[-2,9,18,21],[-2,-3,18,21],[-2,-7,18,21],[-2,-3,-7,9,21],[-2,-3,5,-7,9],[-2,5,-7,13,18],[-2,-3,7,13,18],[-2,7,13,9,18],[-2,-5,7,13,18],[-2,-5,18,21],[-2,-3,-5,7,9],[-2,-3,-5,9,21],[-2,-3,-5,-7,21],[-2,-5,-7,9,21],[-2,-5,-7,-13,9,18],[-2,-3,-5,-7,-13,18],[-2,-5,-13,21],[-2,-3,-5,-13,9,18],[-2,-3,-13,21],[-2,-13,9,21],[-2,-7,-13,21],[-2,-3,-7,-13,9,18],[-2,3,-5,13,18],[-2,3,-5,-7,9],[-2,3,-7,13,18],[-2,3,5,7,9],[-2,3,13,9,18],[-2,3,-5,7,-9],[-2,3,5,-7,-9],[-2,-3,5,7,-9],[2,-3,5,-7,-9],[-2,-3,-5,-7,-9],[-3,-5,13,-9,18],[-3,-7,13,-9,18],[-2,-3,13,-9,18],[-2,-7,13,-9,18],[-2,-5,13,-9,18],[-2,-3,-5,-7,13,-18],[-3,-5,-13,-9,-18],[-3,-5,7,-13,-18],[-2,-5,-13,-9,-18],[-2,-5,7,-13,-18],[-2,3,-5,-13,-18],[-2,-5,-7,13,9,-18],[-2,-3,-5,13,9,-18],[-3,-5,-7,13,9,-18],[-2,-3,-7,13,9,-18],[-2,-7,-13,-9,-18],[-2,3,-7,-13,-18],[-2,3,-13,9,-18],[-2,5,-7,-13,-18],[-2,5,-13,9,-18],[-2,7,-13,9,-18],[-3,5,-13,9,-18],[-2,-3,5,-13,-18],[-2,-3,7,-13,-18],[-3,7,-13,9,-18],[-3,5,-7,-13,-18],[-3,-7,-13,-9,-18],[-2,-3,-13,-9,-18],[2,-3,-13,9,-18],[2,-3,-7,-13,-18],[2,-3,-5,-13,-18]]
[[7,13,-21],[5,13,-21],[3,13,-21],[3,5,7,-21],[2,3,5,-21],[2,3,7,-21],[2,13,-21],[2,5,7,-21],[5,-18,-21],[7,-18,-21],[2,-18,-21],[13,-18,-21],[3,-18,-21],[-9,-18,-21],[2,3,-9,-21],[2,5,-9,-21],[2,7,-9,-21],[13,-9,-21],[5,7,-9,-21],[3,5,-9,-21],[3,7,-9,-21],[-13,18,21],[-7,-13,9,21],[-7,9,18,21],[2,3,5,-7,9],[-5,-7,-13,21],[-5,-7,18,21],[2,3,-5,-7,-9],[-5,9,18,21],[-5,-13,9,21],[2,3,-5,7,9],[-3,-13,9,21],[-3,9,18,21],[2,-3,5,7,9],[-3,-5,18,21],[-3,-5,-13,21],[2,-3,-5,7,-9],[2,-3,-5,-7,9],[-3,-7,18,21],[-3,-7,-13,21],[-2,9,18,21],[-2,-3,18,21],[-2,-7,18,21],[-2,-3,5,-7,9],[-2,-5,18,21],[-2,-3,-5,7,9],[-2,-5,-13,21],[-2,-3,-13,21],[-2,-13,9,21],[-2,-7,-13,21],[-2,3,-5,-7,9],[-2,3,5,7,9],[-2,3,-5,7,-9],[-2,3,5,-7,-9],[-2,-3,5,7,-9],[2,-3,5,-7,-9],[-2,-3,-5,-7,-9]]
320369000000
(153,57)
0
