Enter 
1: Debug dnfToCNF
ANY OTHER NUMBER: PCE
*** PCE Implemented in Haskell ***
Enter the variables of interest (list of integers)
Enter E_ref (Each clause is space seperated literals) and the clauses are seperated by ','
1621000000
[[6,34,-46],[3,6,-46],[3,22,-46],[7,-46],[4,3,-46],[4,6,-46],[2,4,-46],[2,22,-46],[2,6,-46],[2,-34,-46],[3,-34,-46],[4,-34,-46],[3,12,-34],[3,22,-34],[12,-34,46],[7,12,-34],[7,3,-34],[4,7,-34],[4,22,-34],[4,12,-34],[2,22,-34],[2,12,-34],[2,7,-34],[12,-22,-34],[7,-22,-34],[-22,-34,-46],[12,-22,46],[6,12,-22],[6,-22,34],[4,-22,34],[4,12,-22],[7,6,-22],[4,7,-22],[7,12,-22],[6,-22,-46],[4,-22,-46],[-12,-46],[6,-12,34],[2,-12,22],[3,-12,22],[4,6,-12,22],[4,3,-12,34],[2,4,-12,34],[7,3,6,-12],[2,7,6,-12],[4,7,3,-12],[2,4,7,-12],[4,7,6,-12],[4,3,-6],[2,4,-6],[7,-6,12],[-6,12,46],[4,-6,-22],[3,-6,22],[2,-6,22],[-6,-34],[2,-3],[-3,-22],[-3,12,46],[-3,6,34],[4,-3,6],[7,-3,12],[4,-3,-34],[-7,-3,46],[-7,22,46],[-7,-12,22],[-7,-3,-12],[-7,-12,34],[2,-7,22],[-7,-6,46],[-7,6,34],[-7,34,46],[-7,3,22],[-7,-6,-12],[-7,12,46],[-7,3,6,12],[2,-7,6,12],[4,-7,6,12],[4,-7,3,12],[2,4,-7,12],[4,-7,6,22],[4,-7,3,34],[2,4,-7,34],[-4,-7,-12],[-4,6,-22],[-4,-22,-34],[-4,-7,46],[-4,12,46],[-4,7,12],[-4,22,34],[-4,-6,22],[-4,3,22],[-4,-3,-6],[2,-4,22],[-4,6,34],[2,-4,6],[-4,3,6],[2,-4,-34],[-4,3,-34],[-4,-3,34],[-2,3],[-2,-4,34],[-2,-4,-6],[-2,-22],[-2,-7,46],[-2,-7,-12],[-2,6,34],[-2,12,46],[-2,7,12],[-2,4,6],[-2,4,-34]]
[[7,-46],[4,22,-34],[6,12,-22],[4,-22,34],[4,12,-22],[-12,-46],[-6,-34],[2,-3],[-7,22,46],[-7,6,34],[-7,34,46],[-7,12,46],[-4,-7,46],[-4,7,12],[-4,22,34],[-4,3,6],[-2,3],[-2,-22],[-2,4,6]]
325410000000
(111,19)
0
